99  12
   -990  0.00636   0.000  0.000 75.500 23.200  0.000  0.000  0.000  0.000  0.000  1.300  0.000  0.000
   -970  0.02180   0.000  0.000 75.500 23.200  0.000  0.000  0.000  0.000  0.000  1.300  0.000  0.000
   -950  0.04240   0.000  0.000 75.500 23.200  0.000  0.000  0.000  0.000  0.000  1.300  0.000  0.000
   -897  0.07998   9.472  9.655  8.924 70.742  0.184  0.000  0.184  0.276  0.276  0.105  0.184  0.000
   -845  0.13404  10.216 10.414  3.690 74.479  0.198  0.000  0.198  0.298  0.298  0.011  0.198  0.000
   -793  0.18759  10.270 10.470  3.309 74.751  0.199  0.000  0.199  0.299  0.299  0.004  0.199  0.000
   -741  0.24113  10.293 10.493  3.152 74.863  0.200  0.000  0.200  0.300  0.300  0.001  0.200  0.000
   -689  0.29467  10.462 17.696  2.738 68.016  0.188  0.000  0.175  0.275  0.275  0.000  0.175  0.000
   -637  0.34822  10.725 29.319  2.153 56.898  0.167  0.000  0.135  0.235  0.235  0.000  0.135  0.000
   -585  0.40176  10.915 37.734  1.729 48.848  0.153  0.000  0.105  0.205  0.205  0.000  0.105  0.000
   -534  0.45479  11.057 44.059  1.410 42.797  0.142  0.000  0.083  0.183  0.183  0.000  0.083  0.000
   -482  0.50782  11.169 49.024  1.160 38.048  0.133  0.000  0.066  0.166  0.166  0.000  0.066  0.000
   -430  0.56137  11.261 53.065  0.957 34.182  0.126  0.000  0.052  0.152  0.152  0.000  0.052  0.000
   -378  0.61491  11.336 56.387  0.790 31.005  0.120  0.000  0.041  0.141  0.141  0.000  0.041  0.000
   -327  0.66794  11.398 59.143  0.651 28.369  0.116  0.000  0.031  0.131  0.131  0.000  0.031  0.000
   -275  0.72097  11.451 61.485  0.533 26.128  0.111  0.000  0.023  0.123  0.123  0.000  0.023  0.000
   -223  0.77452  11.497 63.519  0.431 24.182  0.108  0.000  0.016  0.116  0.116  0.000  0.016  0.000
   -171  0.82806  11.537 65.286  0.342 22.491  0.105  0.000  0.010  0.110  0.110  0.000  0.010  0.000
   -120  0.88109  11.571 66.822  0.264 21.022  0.102  0.000  0.004  0.104  0.104  0.000  0.004  0.000
   -101  0.91713  11.593 67.769  0.217 20.117  0.101  0.000  0.001  0.101  0.101  0.000  0.001  0.000
    -83  0.93536  11.543 65.823  0.338 21.980  0.094  0.000  0.006  0.100  0.106  0.000  0.006  0.000
    -73  0.94786  11.411 60.588  0.654 26.990  0.081  0.000  0.019  0.100  0.119  0.000  0.019  0.000
    -63  0.95679  11.316 56.841  0.881 30.577  0.072  0.000  0.028  0.100  0.128  0.000  0.028  0.000
    -53  0.96571  11.224 53.162  1.103 34.098  0.062  0.000  0.038  0.100  0.138  0.000  0.038  0.000
    -43  0.97464  11.133 49.552  1.321 37.554  0.053  0.000  0.047  0.100  0.147  0.000  0.047  0.000
    -33  0.98357  11.043 46.006  1.536 40.948  0.044  0.000  0.056  0.100  0.156  0.000  0.056  0.000
    -23  0.99250  10.956 42.525  1.746 44.280  0.036  0.000  0.064  0.100  0.164  0.000  0.064  0.000
    -13  1.00143  10.870 39.106  1.953 47.553  0.027  0.000  0.073  0.100  0.173  0.000  0.073  0.000
     -3  1.01036  10.785 35.747  2.156 50.768  0.019  0.000  0.081  0.100  0.181  0.000  0.081  0.000
      7  1.01929  10.702 32.447  2.355 53.926  0.010  0.000  0.090  0.100  0.190  0.000  0.090  0.000
     18  1.02866  10.621 28.194  2.526 58.065  0.008  0.000  0.098  0.100  0.198  0.000  0.098  0.000
     28  1.03000  10.583 14.446  2.323 72.035  0.090  0.000  0.099  0.107  0.201  0.000  0.099  0.000
     38  1.04169  10.441 12.720  2.730 73.389  0.166  0.000  0.087  0.166  0.213  0.000  0.087  0.000
     49  1.05396  10.269 14.039  3.304 71.539  0.238  0.000  0.072  0.238  0.228  0.000  0.072  0.000
     59  1.06623  10.101 15.329  3.865 69.731  0.308  0.000  0.058  0.308  0.242  0.000  0.058  0.000
     69  1.07792   9.944 16.530  4.387 68.048  0.373  0.000  0.045  0.373  0.255  0.000  0.045  0.000
     80  1.09019   9.783 17.762  4.923 66.319  0.440  0.000  0.032  0.440  0.268  0.000  0.032  0.000
    100  1.10831   9.553 19.530  5.691 63.841  0.536  0.000  0.013  0.536  0.287  0.000  0.013  0.000
    120  1.08213   9.823 45.890  2.608 36.379  0.044  0.029  1.568  0.154  0.176  0.000  0.081  3.248
    140  1.09398   9.688 46.446  2.462 35.226  0.017  0.035  1.860  0.135  0.165  0.000  0.083  3.883
    160  1.10583   9.531 45.673  2.506 35.432  0.019  0.039  2.071  0.139  0.161  0.000  0.081  4.348
    180  1.11769   9.378 44.916  2.548 35.635  0.021  0.043  2.277  0.143  0.157  0.000  0.079  4.803
    200  1.12954   9.227 44.175  2.590 35.833  0.023  0.047  2.480  0.147  0.153  0.000  0.077  5.249
    225  1.14287   9.062 43.361  2.636 36.051  0.026  0.051  2.702  0.151  0.149  0.000  0.074  5.739
    250  1.15768   8.882 42.478  2.685 36.287  0.028  0.056  2.942  0.156  0.144  0.000  0.072  6.270
    275  1.17250   8.707 41.617  2.734 36.517  0.030  0.060  3.177  0.160  0.140  0.000  0.070  6.788
    300  1.18731   8.537 40.778  2.781 36.741  0.032  0.065  3.406  0.165  0.135  0.000  0.068  7.293
    325  1.20212   8.370 39.960  2.827 36.960  0.035  0.069  3.629  0.169  0.131  0.000  0.065  7.785
    350  1.21694   8.208 39.161  2.871 37.173  0.037  0.073  3.847  0.173  0.127  0.000  0.063  8.265
    375  1.23175   8.050 38.382  2.915 37.382  0.039  0.078  4.059  0.178  0.122  0.000  0.061  8.734
    400  1.24657   7.895 37.622  2.958 37.585  0.041  0.082  4.267  0.182  0.118  0.000  0.059  9.191
    425  1.26138   7.745 36.880  3.000 37.783  0.043  0.086  4.469  0.186  0.114  0.000  0.057  9.638
    450  1.27619   7.597 36.155  3.040 37.977  0.045  0.090  4.667  0.190  0.110  0.000  0.055 10.074
    475  1.29101   7.453 35.447  3.080 38.167  0.047  0.093  4.860  0.193  0.107  0.000  0.053 10.500
    500  1.30582   7.313 34.755  3.119 38.352  0.049  0.097  5.049  0.197  0.103  0.000  0.051 10.916
    525  1.32063   7.175 34.079  3.157 38.532  0.050  0.101  5.233  0.201  0.099  0.000  0.050 11.323
    550  1.33545   7.041 33.417  3.194 38.709  0.052  0.104  5.413  0.204  0.096  0.000  0.048 11.721
    575  1.35026   6.910 32.771  3.230 38.882  0.054  0.108  5.590  0.208  0.092  0.000  0.046 12.110
    600  1.36508   6.781 32.138  3.266 39.051  0.056  0.111  5.762  0.211  0.089  0.000  0.044 12.490
    625  1.37989   6.655 31.519  3.301 39.217  0.057  0.114  5.931  0.214  0.086  0.000  0.043 12.863
    650  1.39470   6.532 30.914  3.335 39.379  0.059  0.118  6.096  0.218  0.082  0.000  0.041 13.227
    675  1.40952   6.412 30.321  3.368 39.537  0.060  0.121  6.258  0.221  0.079  0.000  0.040 13.584
    700  1.42433   6.294 29.741  3.400 39.692  0.062  0.124  6.416  0.224  0.076  0.000  0.038 13.933
    725  1.43914   6.178 29.172  3.432 39.844  0.063  0.127  6.571  0.227  0.073  0.000  0.037 14.275
    750  1.45396   6.065 28.616  3.464 39.993  0.065  0.130  6.723  0.230  0.070  0.000  0.035 14.610
    775  1.46877   5.954 28.070  3.494 40.139  0.066  0.133  6.872  0.233  0.067  0.000  0.034 14.938
    800  1.48359   5.846 27.536  3.524 40.282  0.068  0.136  7.018  0.236  0.064  0.000  0.032 15.259
    825  1.49840   5.739 27.012  3.554 40.422  0.069  0.138  7.160  0.238  0.062  0.000  0.031 15.575
    850  1.51321   5.635 26.498  3.582 40.559  0.071  0.141  7.301  0.241  0.059  0.000  0.029 15.883
    875  1.52803   5.533 25.995  3.611 40.694  0.072  0.144  7.438  0.244  0.056  0.000  0.028 16.186
    900  1.54284   5.432 25.501  3.638 40.826  0.073  0.147  7.573  0.247  0.053  0.000  0.027 16.483
    925  1.55766   5.334 25.016  3.666 40.955  0.075  0.149  7.705  0.249  0.051  0.000  0.025 16.775
    950  1.57247   5.237 24.541  3.692 41.083  0.076  0.152  7.834  0.252  0.048  0.000  0.024 17.061
    975  1.58728   5.143 24.075  3.719 41.207  0.077  0.154  7.961  0.254  0.046  0.000  0.023 17.341
   1000  1.60210   5.050 23.617  3.744 41.330  0.078  0.157  8.086  0.257  0.043  0.000  0.022 17.617
   1025  1.61691   4.958 23.168  3.769 41.450  0.079  0.159  8.209  0.259  0.041  0.000  0.021 17.887
   1050  1.63172   4.869 22.727  3.794 41.568  0.081  0.161  8.329  0.261  0.039  0.000  0.019 18.152
   1075  1.64654   4.781 22.294  3.819 41.683  0.082  0.164  8.447  0.264  0.036  0.000  0.018 18.413
   1100  1.66135   4.694 21.869  3.842 41.797  0.083  0.166  8.563  0.266  0.034  0.000  0.017 18.668
   1125  1.67617   4.609 21.451  3.866 41.909  0.084  0.168  8.677  0.268  0.032  0.000  0.016 18.920
   1150  1.69098   4.526 21.041  3.889 42.018  0.085  0.170  8.789  0.270  0.030  0.000  0.015 19.167
   1175  1.70579   4.444 20.638  3.912 42.126  0.086  0.173  8.899  0.273  0.027  0.000  0.014 19.409
   1200  1.72061   4.364 20.242  3.934 42.232  0.087  0.175  9.007  0.275  0.025  0.000  0.013 19.647
   1225  1.73542   4.284 19.852  3.956 42.336  0.088  0.177  9.113  0.277  0.023  0.000  0.012 19.882
   1250  1.75023   4.207 19.469  3.977 42.439  0.089  0.179  9.217  0.279  0.021  0.000  0.011 20.112
   1275  1.76505   4.130 19.093  3.998 42.539  0.090  0.181  9.320  0.281  0.019  0.000  0.010 20.338
   1300  1.77986   4.055 18.723  4.019 42.638  0.091  0.183  9.421  0.283  0.017  0.000  0.009 20.561
   1325  1.79468   3.981 18.359  4.039 42.735  0.092  0.185  9.520  0.285  0.015  0.000  0.008 20.780
   1350  1.80949   3.908 18.001  4.060 42.831  0.093  0.187  9.618  0.287  0.013  0.000  0.007 20.995
   1375  1.82430   3.837 17.649  4.079 42.925  0.094  0.189  9.714  0.289  0.011  0.000  0.006 21.207
   1400  1.83912   3.766 17.303  4.099 43.018  0.095  0.190  9.808  0.290  0.010  0.000  0.005 21.415
   1425  1.85393   3.697 16.962  4.118 43.109  0.096  0.192  9.901  0.292  0.008  0.000  0.004 21.620
   1450  1.86874   3.629 16.627  4.137 43.199  0.097  0.194  9.993  0.294  0.006  0.000  0.003 21.822
   1475  1.88356   3.562 16.297  4.155 43.287  0.098  0.196 10.083  0.296  0.004  0.000  0.002 22.021
   1500  1.89837   3.496 15.972  4.174 43.374  0.099  0.197 10.171  0.297  0.003  0.000  0.001 22.216
   1525  1.91319   3.431 15.652  4.191 43.459  0.100  0.199 10.259  0.299  0.001  0.000  0.000 22.409
   1550  1.92800   3.400 15.500  4.200 43.500  0.100  0.200 10.300  0.300  0.000  0.000  0.000 22.500
   1575  1.94281   3.400 15.500  4.200 43.500  0.100  0.200 10.300  0.300  0.000  0.000  0.000 22.500
   1600  1.95763   3.400 15.500  4.200 43.500  0.100  0.200 10.300  0.300  0.000  0.000  0.000 22.500
#   HU     rho      H     C     N     O     Na    Mg    P     S     Cl    Ar    K     Ca
#                   1     2     3     4     5     6     7     8     9     10    11    12

# HU to elemental weights from Schneider et al, Phys. Med. Biol. 45 (2000) 459-478
